A=[4 3 2 1;3 4 3 2;2 3 4 3;1 2 3 4];
M1=Pij(2,1,-3/4,4)*Pij(3,1,-2/4,4)*Pij(4,1,-1/4,4);
A1=M1*A
