A=[4 3 2 1;3 4 3 2;2 3 4 3;1 2 3 4];
M1=Pij(2,1,-3/4,4)*Pij(3,1,-2/4,4)*Pij(4,1,-1/4,4);
M2=Pij(3,2,-1.5/1.75,4)*Pij(4,2,-1.25/1.75,4);
M3=Pij(4,3,-A2(3,4)/A2(3,3),4);
U=P3*A2