A=[4 3 2 1;3 4 3 2;2 3 4 3;1 2 3 4];
P=Pij(2,1,-3/4,4);
A=P*A