tic;
A=[4 3 2 1;3 4 3 2;2 3 4 3;1 2 3 4];
A1_2=[0 0 0 0;A(1,1) A(2,1) A(3,1) A(4,1);0 0 0 0;0 0 0 0];
A1_3=[0 0 0 0;0 0 0 0;A(1,1) A(2,1) A(3,1) A(4,1);0 0 0 0];
A1_4=[0 0 0 0;0 0 0 0;0 0 0 0;A(1,1) A(2,1) A(3,1) A(4,1)];
A1=A+(-3/4)*A1_2+(-1/2)*A1_3+(-1/4)*A1_4;

A2_3=[0 0 0 0;0 0 0 0;A1(2,1) A1(2,2) A1(3,2) A1(4,2);0 0 0 0];
A2_4=[0 0 0 0;0 0 0 0;0 0 0 0;A1(2,1) A1(2,2) A1(3,2) A1(4,2)];
A2=A1+(-A1(2,3)/A1(2,2))*A2_3+(-A1(2,4)/A1(2,2))*A2_4;

A3_4=[0 0 0 0;0 0 0 0;0 0 0 0;A2(3,1) A2(3,2) A2(3,3) A2(3,4)];
U=A2+(-A2(3,4)/A2(3,3))*A3_4;

U1=U;
U1(1,:)=U(1,:)/U(1,1);
U1(2,:)=U(2,:)/U(2,2);
U1(3,:)=U(3,:)/U(3,3);
U1(4,:)=U(4,:)/U(4,4);
L=U1'
time=toc;