A=[4 3 2 1;3 4 3 2;2 3 4 3;1 2 3 4];
A1_2=[0 0 0 0;4 3 2 1;0 0 0 0;0 0 0 0];
A1=A+(-3/4)*A1_2